[1.048396408551853, -0.02597979378495488, -82.00718871534792;
 0.0003418679235236365, 0.9990709607154666, 0.3872025455056251]
[1.037380207567517, 0.002022524973883231, -92.51114703092023;
 -0.0001949393609240886, 1.000435482723784, -0.1246437204943508]
[0.7537671709316459, 0.3242216687787445, -208.0931432625268;
 -0.02660387556527824, 1.049975347893313, -22.05413909138461]
[0.7580469769863863, 0.383783746394995, -240.9943184474855;
 -0.02104952318715852, 1.127275291680964, -64.75343861432624]
[1.009361090551415, -0.016942728241372, -73.41712829601208;
 0.0007543782990396425, 0.9963769966178205, 1.225220234737599]
[1.0046417067479, -0.04355684323401485, -62.9925220489885;
 -0.0004794172983597227, 0.9894192285545113, 3.950540706155373]
[0.978965957687547, -0.09218706269607344, -15.88320320099488;
 0.05581087693591475, 1.020449012768507, -27.28392444865219]
[1.048219497733108, 0.03503937199374625, -69.42392176904664;
 0.02730569716218911, 0.9680818357199755, -5.24623789872703]
[0.8935000686883477, 0.02925688576770365, -76.30170772390244;
 0.06181240824607138, 0.8633357634594021, 61.33716786323786]
[0.9884359299891092, -0.1944767131082306, -21.85749129021114;
 -0.002295842066258633, 1.010991171050388, -2.070041421253661]
[0.9295136447886952, -0.1592890984945692, -17.13519095560771;
 0.01429422907472714, 1.001083798521697, -3.39964529241537]
[0.9705241043623365, 0.006105052045468345, -75.73873740573329;
 0.003805868572525713, 0.9906542357752834, 4.245655753210239]
[0.7012431599163832, 0.4759002248152837, -281.1725424586502;
 -0.05545882184277339, 1.094049095482472, -40.96723846903016]
[0.8621282366809864, 0.07432578549664359, -94.74384879848787;
 -0.01063326278946986, 0.9997417420888017, 1.71403433793423]
[0.9107604915089926, -0.03546499419588336, -45.11749869538869;
 -0.008413506419144425, 0.9947304839538982, 3.979164901322252]
[0.8599136828281874, 0.4392267339412894, -286.643082436978;
 -0.01114344483222444, 1.083806489959087, -42.49511546307785]
[0.7781350623581541, 0.301576710215026, -200.2821329833005;
 -0.02959262342781915, 1.052752776203381, -23.01216782960098]
[0.9820085616069341, -0.02929972352480483, -62.09143538483663;
 -0.002694173006375908, 1.00071982618266, 0.4271485211008998]
[0.9828729562953378, -0.003761762228552264, -74.68034131894936;
 -0.002594060425335969, 1.003677585241301, -1.030875090613922]
[0.04316638895970194, -1.067806826747728, 387.4253120293545;
 -0.03914308194408687, 0.968282293866661, 16.27555677171209]
[1.059149393710164, -0.1935565256028316, -40.43452399028843;
 -0.004874099984411263, 0.9977706491423813, 1.843897055683487]
[0.9758418757510537, -0.06522071077657636, -18.87738284647078;
 0.04450563595306732, 1.118033235293856, -38.11908278513219]
[0.9572812219506839, 0.004852561930481328, -73.45951856321355;
 -0.01770319000681065, 1.001169064788167, 1.589441716018845]
[0.963042822141367, 0.004499637257531864, -73.98979066802042;
 -0.001752933967310466, 1.000192037797418, 0.1214509560991202]
[1.370643245499547, -0.9559157599292857, 364.5560555475819;
 0.1691556276105081, 0.6072043819074675, 179.0596901254087]
[0.8016222884598585, -0.7431147687523304, 326.3676670773659;
 -0.07640932182000715, 0.6990401288876781, 162.5792256231704]
[1.023667927032695, -0.03111015131047511, -44.22881365900247;
 0.02528065102825014, 0.9993279717413157, -11.09617696886094]
[0.9842945908553929, -0.03131234293449867, -26.69499709039604;
 0.0101871184561965, 0.9992504627934011, -4.374693417176552]
[1.15806610050746, 0.08590246812426364, -118.8330144867499;
 -0.008710988408820406, 0.9797681373678233, 6.064972108765208]
[1.108018105971566, -0.2028044546106132, -52.00632774082544;
 -0.004940033769384343, 1.001521270931319, 1.029797237932948]
[0.9850126314349664, -0.03415406208736434, -27.64467943977339;
 0.006884076914687958, 0.9905872757601299, -2.152650163827538]
[1.039985308979864, -0.03237954579585046, -76.59234805821745;
 0.002169388021986307, 1.000461465645885, -0.7893059533161052]
[1.256971518786577, -0.07073493000359192, -137.0343329675888;
 -0.03029371179436558, 0.99754509374843, 11.36867861077562]
[1.172098417042711, -0.08379422202950385, -102.5928299801618;
 -0.001022317002347097, 1.002049037692277, -0.5096528094417428]
[0.9167881002626423, -0.0348922922972183, -46.43865194691161;
 0.01295817762635433, 0.9979095564075473, -1.310317360414975]
[0.9486711094887718, -0.03467019386618501, -52.86916923040587;
 -0.01358932431655338, 0.9977246253526533, 4.044075911144956]
[0.9620786120882898, -0.07906676678840033, -44.13890388980899;
 -0.001556902270920866, 1.002796851463942, -0.2703681192348995]
[0.9594276896405224, -0.07832176941523407, -43.80595268377837;
 -0.0001507213771165284, 1.002401667865507, -0.446981971097408]
[0.9145969251184277, 0.02797524410481574, -76.57263454588799;
 0.02188858945080428, 0.9868769143353184, 2.283222273691845]
[0.9739428457019871, -0.004354810766673069, -71.67653714841167;
 -0.0001239159284522163, 0.9988687328086409, 0.4671687145000346]
[0.987054298973988, -0.0134632279070418, -67.80671753432256;
 0.005830590135220936, 0.986691563157196, 6.057632104820081]
[0.9792681515657792, -0.01173122039776971, -67.94025493376851;
 0.01151971858359229, 0.9854260318646081, 6.155204290174219]
[1.743455623830257, 0.352337833885976, -359.6858639872155;
 0.3062591840873979, 1.08832097274833, -87.28378098591747]
[0.9528037056794425, 0.03937326726873349, -90.48281761390321;
 0.006846131731781909, 0.9698039945195456, 14.66108750511417]
[0.972158733628583, 0.0114688703203753, -78.77017956426917;
 0.0003193609622358826, 0.9792137253049039, 10.71143143344248]
[0.8806418167069019, 0.3063360516757715, -218.9991372500094;
 -0.000158590886983378, 1.041780376729511, -21.8020801068887]
[0.9315283240486161, 0.4145442654871143, -282.7634024271586;
 0.002449905148315552, 1.047327243894478, -25.07070359074014]
[0.8814119764226865, 0.335555655876311, -234.6294485390968;
 -0.0980303745156873, 1.072089782720837, -25.93493637980455]
[0.6870730422145254, 0.4962154205648314, -296.2587558238895;
 0.06499483430760153, 0.9373170373902897, 25.76407458099586]
[0.9703772512193085, 0.01732491428520213, -81.54011921641622;
 -0.00525252646552451, 0.9975294928781163, 2.047976861504095]
[1.014314377564311, -0.002141268747642529, -76.65038602419462;
 -0.1069962522783744, 1.094871533246062, -36.59253888664113]
[0.9994617509577112, -0.06395888787319327, -43.63763702501762;
 -0.0007917971757606958, 1.013643254629236, -6.842438940618944]
[1.007604377761479, -0.08242953048654483, -35.13744644894334;
 -0.09577759565048416, 1.229107966355743, -105.9993091390772]
[0.9998704704133144, -0.01884685320558412, -70.7160902475261;
 -0.00266476549566071, 1.000737035591758, 0.412949051546022]
[0.9863492327947323, -0.01322086167105202, -69.81832578575082;
 -0.002904100105341287, 0.9920663372083502, 3.531899568346171]
[0.987205401403295, -0.0164241255283405, -68.867851820136;
 -0.004086539614805995, 0.9964903089660357, 2.219216577612276]
[0.9949928261359468, -0.05649666830517377, -55.90640255035691;
 0.01468095116320769, 0.9947405929045857, -2.034183856939812]
[1.046128923528249, -0.08464138323631094, -60.28071898321159;
 -0.003915863191350876, 1.004976063840526, -0.4433633841569212]
[1.224958739751697, 0.05398826449827249, -141.6063449995062;
 -0.009408894772226808, 0.9917079927649185, 4.453842499515553]
[-0.1913106162526742, 4.732450107295861, -649.8241692769258;
 -0.04782403936680919, 1.18302311009159, -22.12615590712846]
[1.093390725862847, -0.03313508299123365, -79.64056295632436;
 -0.007011093548364811, 1.031627946259905, -4.012317407507193]
[0.9855283667269328, -0.02025005380085998, -63.98855859594725;
 0.03382194325197019, 0.9844978163965038, -3.755266626677209]
[1.276155078445707, 1.04117411100849, -438.7569498557286;
 -0.303552781479911, -0.2476590053509636, 431.2955313255308]
[0.9955407703178606, -0.07210857945609385, -50.70114264433218;
 -0.006180932097098313, 1.003427591209483, 0.7092555973368898]
[1.0627583918876, -0.08312312768196647, -65.36385442977098;
 -0.008319896466360411, 1.003778090463227, 1.175844823991982]
[1.022697686260007, -0.04361033056632133, -43.70450776801373;
 0.001994482080816232, 0.9918142162997436, -0.06890492340787953]
[3.880770399781102, 4.157600025703148, -1540.188061381601;
 0.1100798672371408, 1.16073203257184, -56.65197607348639]
[1.09339210676459, -0.4725580405944128, 1.940187689369288;
 -0.007011038669321554, 1.014164638921334, -0.7701797431305364]
[0.959934057381659, -0.207129349409994, -14.65951694693623;
 0.001144257027012344, 0.9979449393759827, 0.2441876959771801]
[1.069251969887891, -0.05384690368853975, -74.72687331022119;
 -0.00699408689875786, 1.000876591153111, 1.479761019030008]
[0.9952382366408025, 0.0202389083590311, -76.13510613907378;
 0.001801971850850533, 0.9952234923837519, 0.8730970010939171]
[1.07938167705583, -0.08013938196001644, -70.5669407646226;
 -0.01569321739788928, 1.016094248047352, -0.2846415761954061]
[1.106500475988246, -0.06875049739218678, -85.06553860788419;
 -0.000794864339095581, 0.9976796254177003, 1.012006911581518]
[1.177689233740907, -0.1924542766703011, -70.13447871672119;
 -0.01459097931446468, 1.021652955135556, -1.881576646632518]
[2.477749644609321, 2.021516684844919, -1019.554171779166;
 -1.513215243974751, -1.234583917754448, 1015.992414505684]
[1.029697706668348, -0.1116988102968379, -22.53606195820204;
 -0.1103156198939474, 1.248367965664339, -114.2913702404127]
[1.002763734512256, -0.05232993786086525, -49.78564979715941;
 -0.0002627738781765738, 1.00578535146762, -2.948911094226305]
[1.013804400390849, -0.01282944341392166, -44.0360516829923;
 0.003950337436562379, 0.9981572422034567, -1.86588942816378]
[0.9765491785507345, -0.007854548167160635, -24.66428149045806;
 -0.005934708960403223, 0.9994772469680326, 3.274083914804498]
[0.9763649700614893, -0.06539416418899524, -19.09415986810425;
 0.09240388488830933, 1.102150602734103, -57.96873425045712]
[0.9931339211165751, -0.04492646158409205, -29.83370008280697;
 0.002007022186820753, 0.9918147745649843, -0.07478852442740687]
[0.9578853720342039, -0.3436150908806982, 22.4891749330416;
 -0.0005928584807790223, 1.000835353529663, 0.1714467528240852]
[1.06020353299779, -0.2646198212025342, -37.69992941990539;
 -0.0007174748769816501, 1.000739142791201, 0.2447528912895617]
[0.8953694880460928, 0.03682772111838711, -80.74021513326886;
 0.07011213369016833, 0.8969482616572023, 41.63137380118856]
[1.016148566958466, -0.02385533162935346, -73.4656574349484;
 0.01291564077712778, 1.006523264600525, -6.485198885094542]
[1.000567245508611, -0.02463399394372144, -69.43104577988039;
 0.006124611550858862, 1.006183889114866, -4.726736629220824]
[0.718481591474187, 0.8593124656510304, -490.3441072389758;
 -0.01777027010424585, 1.071827886890245, -35.43775755428279]
[0.9438455427827679, -0.06426270427981137, -34.65726573546959;
 -0.008466925459464779, 0.9945733727115558, 4.991817678323983]
[1.01917285511864, 0.007914975881682404, -88.06027408846892;
 -0.001565495168754947, 1.001283204781924, -0.007870273461769727]
[0.9876610391796757, -0.04811667717495617, -54.06285093242757;
 -0.001569555648151438, 0.9941869762957434, 3.380643653897162]
[0.9871458872314818, -0.0476786404394904, -54.17368381595967;
 -0.0005420843427119973, 0.9933133113935746, 3.601700000336875]
[0.9521663614714894, -0.0188298321856291, -62.00435025983549;
 -0.003012627440001252, 0.9940677383760123, 3.728303475620821]
[0.9624071065317086, -0.007757310470929427, -70.05078143283782;
 -0.03077768533564591, 0.9640475391960088, 25.54406258865411]
[1.05351071181921, -0.02031687788259563, -60.86766090864881;
 0.0002875769713771936, 0.9989826275274338, 0.1020965536686377]
[1.056254452947386, 0.00516804537979596, -70.10704893770787;
 -0.003073747472684001, 0.9677613528097951, 11.42116033534433]
[1.033640085913442, -0.02063423370240974, -53.37412788571642;
 -0.03516625110909411, 1.013548531304717, 16.54908716611076]
[1.02099793077661, 0.01957897713528022, -54.09288437128073;
 -0.02559020356275758, 0.9830882486389352, 17.09352331687028]
[1.001353952936859, 0.01101109026177254, -41.96098282949109;
 0.002784288756177178, 0.9982325830946006, -1.071177859873487]
[1.096453822201993, -0.04286138310782001, -77.51242446299844;
 -0.06130037620027862, 1.034535465873974, 22.88576596568025]
[1.103082932377733, -0.08310450629756057, -79.25016989214818;
 -0.0002519656662205165, 0.9999598515898518, 0.08819837601839776]
[1.082779828718919, -0.08341384309044698, -72.17193632308629;
 -0.01973732200692295, 0.9996629739429674, 6.881342206322322]
[1.32335844685187, -0.06627635419690217, -175.5169953905821;
 -0.006312016319959758, 1.000332763957465, 2.495268816061087]
[1.172096632568491, -0.08419808169663991, -102.4256679911789;
 -0.001027133720885113, 1.00095892480485, -0.05844301231005911]
[1.000613836982711, -0.01369440413114169, -72.79501537440787;
 -0.0009853763206644675, 1.001958672015651, -0.4850326015617693]
[1.061601652561697, -0.05470729726093776, -74.79441204285514;
 0.004218209390871515, 1.006166858223078, -3.083447570904542]
[1.019354683687082, 0.0207562301288788, -53.51649376583327;
 0.008408485671569892, 0.9587309508627052, 5.168034327977522]
[0.9986999434849086, -0.05211223719955542, -31.77181329261255;
 0.006434743308890049, 1.051027378176978, -9.17140812498323]
[1.159046204910319, -0.1785253755946434, -57.89453812655373;
 0.0007469276533822739, 0.9998759514965938, -0.382914517711706]
[1.041814975410351, 0.005836246305469631, -63.91050289769292;
 -0.002147588776328886, 1.00442796162115, -0.5314526584861197]
[1.075210068321965, -0.01601822801689539, -73.98519959234196;
 -0.04967950532038225, 1.019851580856178, 20.95628471590976]
[0.9501144640673345, 0.01830757273974095, -16.32855392742469;
 -0.001992939887585846, 1.006766552380805, -1.022484422442782]
[0.9572262344125021, -0.0009072568130367901, -14.46034028900199;
 0.0005305825488606919, 0.9999484113082553, -0.3595722636104403]
[1.011819542040181, 0.006912189635931223, -46.41877047114254;
 -0.001027044697282578, 0.9997253110168838, 0.5522486858575246]
[1.037999267737304, 0.03111119338142951, -65.54580627411775;
 -0.0009277442483906369, 0.9998170985307206, 0.4796992915979588]
[0.9557314458296625, -0.0005012566838782865, -13.66907288483353;
 0.0002811870129424638, 0.9991514902763532, 0.05424995845988846]
[1.005291133815543, -0.2790256029916665, -10.70661648514579;
 -0.0003952465536382039, 0.9996316510102728, 0.1795104197095319]
[1.000023213441374, -0.1355650334164571, -23.62492462741778;
 -0.0003750030442068367, 0.9990803622308404, 0.2291527594072897]
[0.8298593666320098, -0.08271018426014137, 44.70085858640817;
 0.07089100956180522, 1.019490553570415, -33.41119005308732]
[1.130448812767195, -0.09115090653551579, -85.13988619110613;
 -0.0660819021232868, 1.043379573872265, 7.4803575899481]
[1.525369498718811, 1.039687304578606, -687.8559955814065;
 0.2399413710912582, 1.297337083411449, -187.0770411342106]
[1.078371078019274, -0.05205291582458633, -72.64330504973589;
 0.0007136935667490672, 0.9998711043969304, -0.4475160966611135]
[1.187063875793821, -0.01829122451318761, -139.6533933385228;
 0.0005348435950767042, 0.9998155507847472, -0.33725347910411]
[0.9968059920857636, -0.4765669884976504, 14.21015169141547;
 0.003339261763790662, 1.014301401312665, -3.076914243433818]
[1.149621257131112, 0.1172359872877416, -118.3507512320048;
 -0.000733996167206676, 0.9984737110629389, 0.4564680336100017]
[1.057624438174826, -0.09912103319619195, -60.97012047279458;
 -0.001542088042948674, 1.001621490397197, 0.06021499979136151]
[1.046863878499319, -0.122778012086389, -52.71924184839802;
 -0.004437577843001753, 0.9952557860897756, 2.28039086599598]
[1.093749514963092, -0.06035842852224347, -83.39621876377919;
 -0.01593874194828229, 1.00764659681723, 2.994600643917804]
[1.020711868733314, 0.05894439465311863, -93.53862285600886;
 -0.01169579471274045, 0.9747145356385789, 10.09473469993515]
[0.9897495653263642, -0.03122957189365677, -63.4413935522541;
 0.001000660365846457, 1.003059797915731, -1.889650940560633]
[1.147538729939359, -0.1479772964006217, -57.68731453216397;
 0.002671416607331398, 1.004507238511697, -3.525188123716994]
[0.9927775341304665, -0.0171238438745792, -71.76593581589816;
 0.002819544653980164, 0.9804757603359217, 9.951240708530877]
[1.001060059374349, -0.04029134999155622, -61.05047615679093;
 -0.007765163638756586, 1.010082829061672, -3.742652322222033]
[0.9687299595961912, -0.01715097471510267, -65.91365626350722;
 0.0004865727463157054, 0.9928226526052586, 2.780480551535926]
[0.7573808473388506, -0.1617993488173791, 13.67873414266051;
 0.009027185628795883, 0.9986678901560248, -0.4358461582853936]
[0.9094644974750615, -0.220187827449369, 57.42400244358718;
 0.007254437330633564, 0.9063614542289012, 49.29236634773358]
[0.7034915197793684, 0.9678420165573335, -546.1759323069294;
 -0.01190114996055179, 1.029334896437754, -13.57770939462651]
[0.69035262475142, -0.3974229475666346, 285.2279897891535;
 -0.004379946510444465, 0.9950572526594866, 4.301494180056502]
[0.9433259946377268, -0.02517583355995159, 2.435746601495322;
 0.003114193295827907, 1.006084784593386, -4.076006611944415]
[1.121180877982507, -0.08601101734220538, -72.49935985207864;
 0.004087622544661345, 1.001177793742815, -2.729337742571574]
[1.217230324106346, 0.06810569182959447, -184.7795079156637;
 -0.0007937358468664748, 0.993345381147531, 2.976886135549623]
[0.9945179808050312, 0.01543840119801527, -83.43465919141507;
 7.05649415954764e-05, 0.9997936596437921, 0.09951896599188854]
[0.2444335223085347, 0.6761334556161763, -337.7277930796951;
 -0.2560330114288073, 1.156570176186897, -51.5085020060481]
[1.037673918169547, -0.05806415558155923, -41.95894906066123;
 0.04398462805405452, 0.9823123579091265, -14.03917570224042]
[1.056752574663563, -0.06932820575081654, -50.66994112401986;
 -0.02572726655766738, 1.058250266847409, -1.165634483969806]
[1.272996881904854, -0.2312738348043418, -91.85128923828604;
 0.001903966301426934, 1.013285866860227, -5.117383040206856]
[1.023122780361903, 0.06297704738375261, -64.31046654966383;
 0.006767109376201404, 0.990945399509893, -1.061501410698836]
[1.020274939218944, 0.01645560223716258, -52.99630270051761;
 0.0001199145555398027, 0.9974659096756774, 0.4827697579619757]
[1.014067680539853, -0.1652395586697022, -34.15105785074785;
 -0.0211879673397189, 1.008017802809912, 4.117715549332449]
[1.274697691080793, -0.1674521083789189, -112.69532626382;
 0.001548646086663708, 0.9999527135230707, -0.7628041625645122]
[0.8163410448927864, -0.2970582024877522, 35.89298160974982;
 -0.0008392365847023538, 0.982389566035973, 3.749457443997953]
[0.8313103386634241, 0.003594883281024261, -26.49997312200375;
 2.643439579536186e-05, 0.9997762681432987, 0.1412865358465383]
[0.7701351175666379, -0.1673252425265199, 13.66419354165038;
 -0.001045541224844536, 1.003031982884212, -0.4243626708222256]
[0.129992588824303, 0.1940439686662866, -2.669815866452462;
 0.5666775243836104, 0.8458971144422875, -19.1130166477486]
[1.323006235190179, -0.1319738687823274, -42.79218420606779;
 -0.005449908745607661, 1.002243815975834, 0.1282616721887338]
[1.183921543425002, -0.2676611623666494, -48.51260229012736;
 -0.01338020854865996, 1.007042272546909, 2.318974546451752]
[1.254687285061034, -0.2209636871764941, -87.20982594988698;
 -0.002650662088618163, 1.014122573240943, -3.548322955601255]
[1.112136571447243, 0.09808901685422759, -108.345837856411;
 0.057677529170975, 1.011027288886445, -26.24702841399136]
[0.9536750183536032, 0.002309364766367761, -13.40402503912933;
 0.000428027103840256, 0.9989507966394336, 0.03532410271779955]
[0.9891569802159393, -0.01288494265290286, -68.2306647273403;
 0.006560699295094422, 0.9860045969423519, 6.300838097659364]
[1.029504635606861, -0.002829313432465667, -54.48953930450868;
 -0.0008930608963988659, 0.999955676697088, 0.4345568542171571]
[1.75176010446364, -0.4840272948061211, -141.8703050012763;
 0.03313468270038739, 0.9929776203395753, -6.114964560510417]
[0.9295841819917199, -0.162941758862815, -16.36797506782161;
 0.01430879117467251, 1.000329722614684, -3.241256896525293]
[0.999773653787312, -0.02276244689420074, -70.26890331159458;
 0.01602323202021374, 0.9828397268251955, 5.724019712152667]
[0.9919833984496251, -0.02033990281173118, -69.8448204679385;
 0.004303225073363432, 0.9864843099928606, 6.362028822030083]
[0.8177367282744364, -0.3121758737172554, 38.83878894447987;
 -0.003408919735535655, 1.01022369055809, -1.674259405527536]
[0.6650823807408456, -0.1554740244810592, 20.62063282545538;
 -0.03023453116757486, 1.001358542578447, 2.517083290695027]
[1.040963140101256, 0.1163909037424454, -155.7761735418395;
 -0.002731091692718411, 0.9194806704949582, 44.65703804319811]
[1.040717513057191, -0.07482973765587769, -61.31218935767216;
 0.003651728033492375, 0.9948897210109129, 0.8427026020973791]
[1.067120739842715, -0.02945351611286916, -84.97176167282564;
 0.0006119375194301457, 0.9896655789418048, 3.566617526382887]
[1.081982388322128, -0.06957767826816059, -76.50263113303366;
 -0.005021036696548685, 1.01620034612572, -3.401366712927918]
[1.026025281101114, -0.1028209273930854, -51.339142028255;
 -0.0125373050727777, 1.000334078217581, 3.411402436858139]
[1.264752681403032, -0.1901119612339352, -98.52069079302933;
 -0.009593663842946751, 0.9928413856885496, 4.253789527662936]
[1.12054372359396, -0.1313633837491201, -71.35537963092334;
 -0.07224369062114228, 1.018364071716679, 16.05546605040147]
[0.9649749885562234, 0.009188759372456825, -76.61419525750719;
 0.001079431701448343, 1.007065828995119, -3.725667699437813]
[0.9343727274876084, -0.02503763151879474, -54.92601247787091;
 0.02283172671482994, 1.003084253194384, -6.552624446706377]
[0.9470836681919576, -0.001429316522628158, -70.39777668588617;
 0.009435604063919436, 0.9782033344153339, 9.753143613855679]
[0.9410295203368217, 0.08028691330737141, -113.5256514113289;
 0.009596569673942812, 0.9760306912791222, 10.8998127785553]
[0.9823236099572222, -0.02087556431625654, -66.25004576854984;
 0.00193555018372063, 1.001268909174198, -0.7579278978012095]
[0.9196891192350877, -0.03281123810894053, -48.02582015157343;
 0.02051051516539046, 1.00332724716248, -5.442255181810611]
[0.9693366976135965, -0.0127311050007875, -67.7450915312353;
 0.001795770102093302, 1.002359687662988, -1.171324248889804]
[0.9617743766547704, 0.009540292374666267, -75.88353171818812;
 -0.003006397402604062, 1.016502300935132, -6.33933460145941]
[0.9014226949259021, -0.1826674176394684, 37.36258829502204;
 0.0002325233587761265, 0.9996415763970308, -0.1499012449695751]
[1.056648054245095, -0.3664456519255939, -26.7238748209748;
 -0.008202001086639469, 1.009627586520765, 3.332383106909865]
[1.011297724825832, -0.3360984331838137, -5.907161824763487;
 0.00397608969099225, 1.001478336241471, -2.257605407089531]
